[LEFT_CAM_2K]
fx = 1398.41
fy = 1398.41
cx = 1134.75
cy = 595.628
k1 = -0.173575
k2 = 0.0264181
p1 = 0
p2 = 0


[RIGHT_CAM_2K]
fx = 1402.03
fy = 1402.03
cx = 1148.82
cy = 636.398
k1 = -0.175192
k2 = 0.0276314
p1 = 0
p2 = 0


[LEFT_CAM_FHD]
fx = 1398.41
fy = 1398.41
cx = 990.754
cy = 514.628
k1 = -0.173575
k2 = 0.0264181
p1 = 0
p2 = 0


[RIGHT_CAM_FHD]
fx = 1402.03
fy = 1402.03
cx = 1004.82
cy = 555.398
k1 = -0.175192
k2 = 0.0276314
p1 = 0
p2 = 0


[LEFT_CAM_HD]
fx = 699.204
fy = 699.204
cx = 653.877
cy = 345.814
k1 = -0.173575
k2 = 0.0264181
p1 = 0
p2 = 0


[RIGHT_CAM_HD]
fx = 701.017
fy = 701.017
cx = 660.911
cy = 366.199
k1 = -0.175192
k2 = 0.0276314
p1 = 0
p2 = 0


[LEFT_CAM_VGA]
fx = 349.602
fy = 349.602
cx = 342.438
cy = 180.407
k1 = -0.173575
k2 = 0.0264181
p1 = 0
p2 = 0


[RIGHT_CAM_VGA]
fx = 350.509
fy = 350.509
cx = 345.956
cy = 190.6
k1 = -0.175192
k2 = 0.0276314
p1 = 0
p2 = 0


[STEREO]
Baseline = 120
CV_2K = 0.0133746
CV_FHD = 0.0133746
CV_HD = 0.0133746
CV_VGA = 0.0133746
RX_2K = -0.00235498
RX_FHD = -0.00235498
RX_HD = -0.00235498
RX_VGA = -0.00235498
RZ_2K = 0.000655306
RZ_FHD = 0.000655306
RZ_HD = 0.000655306
RZ_VGA = 0.000655306
